        fun: 64.44967153452743
        jac: array([-2.10683679e-04,  1.43682513e-04, -7.41430124e-04, -5.07740954e-04,
       -1.72380886e-04, -9.89878229e-04, -7.91562845e-04, -9.37292124e-04,
        1.02433365e-04, -1.10049065e-03,  2.18421705e-04,  1.05282142e-04,
       -3.01113323e-05,  1.76689072e-05, -6.49591533e-04, -4.41733725e-04,
       -2.79849983e-04, -3.97240856e-05, -3.95339130e-05,  6.27107188e-05,
        1.55987887e-02, -1.71859219e-04, -4.22535571e-04, -9.00160172e-04,
        1.91380698e-04, -4.54258380e-05,  8.78883408e-06,  9.37196601e-06,
        7.45427089e-05,  6.73636220e-07, -1.31243301e-04, -1.30826927e-03,
        1.80704549e-05, -1.64331759e-05, -4.47030649e-04,  6.82475175e-05,
        9.04803224e-03,  6.01596428e-05, -7.79914314e-05, -5.37518224e-06,
        4.04238130e-05, -2.82912326e-04,  5.30941741e-04,  1.26683547e-02,
        4.64905966e-03,  6.12704851e-05,  9.41445735e-06,  7.82980353e-05,
        3.40655324e-05,  3.46455028e-05, -9.93852457e-06, -2.14140656e-05,
       -1.77204775e-04,  4.07990213e-05,  1.97650202e-04,  8.10782060e-06,
        1.16426116e-04,  6.14763898e-05, -3.97505152e-05,  6.93407875e-05,
       -9.05846469e-05,  7.76885094e-05,  6.06109177e-05,  1.20934484e-04])
  n_reg_jev: 1
       nfev: 15
        nit: 13
       njev: 14
 optimality: 0.02271943347591937
     status: 3
          x: array([ 4.06788621e-02,  3.87705116e-02,  4.54209575e-02,  3.90351305e-02,
        3.80446501e-02,  4.40629886e-02,  4.33490829e-02,  4.57772797e-02,
        3.78781643e-02,  4.51795788e-02,  3.00707336e-02,  1.17388736e-02,
        1.31638555e-02,  2.98908926e-02,  4.23725190e-02,  3.88539654e-02,
        4.48457946e-02,  2.51545318e-02,  2.11525106e-02,  5.15503971e-03,
       -1.00000000e-09,  2.23629015e-02,  3.88532374e-02,  4.52303932e-02,
        3.56461309e-02,  2.09653321e-02,  2.41589225e-02,  1.32884259e-02,
        2.09179561e-03,  3.09540227e-02,  2.77184323e-02,  5.03777891e-02,
        1.92317945e-02,  1.96184790e-02,  3.60916194e-02,  3.10827710e-03,
       -1.00000000e-09,  1.07587583e-02,  2.30279784e-02,  2.00654864e-02,
        1.10815343e-02,  4.11853237e-02,  2.99747061e-02, -1.00000000e-09,
       -1.00000000e-09,  4.73653838e-03,  1.37384223e-02,  1.55285547e-02,
        1.73890647e-02,  1.98673993e-02,  2.00183852e-02,  1.24574499e-03,
        1.56257212e-02,  6.91462325e-03,  1.85380051e-02,  1.47920715e-02,
        8.61483345e-03,  1.05419705e-02,  1.12188031e-02,  6.21934087e-03,
        1.20952160e-02,  7.77574156e-03,  3.86636894e-03,  1.11713790e-02])
