        fun: 95.76487588402307
        jac: array([ 1.65171590e-02, -6.30757187e-05, -6.51207370e-05, -4.79360520e-05,
       -6.34106935e-05,  7.25927235e-04, -1.06094079e-04, -6.66134817e-05,
       -6.51548081e-05, -1.06975749e-04, -3.74115550e-04, -2.19604264e-05,
       -4.79399708e-05, -6.66174536e-05, -2.41992711e-05,  7.42948502e+05])
  n_reg_jev: 1
       nfev: 16
        nit: 14
       njev: 15
 optimality: 742948.5020070043
     status: 3
          x: array([ 1.23931072e-01,  7.97078796e+00,  7.60324708e+00,  6.63891631e+00,
        8.10175377e+00,  4.71718841e+00,  8.58384970e+00,  7.63756147e+00,
        7.58122910e+00,  8.59099209e+00,  1.27530020e+00,  8.19301909e+00,
        6.63921994e+00,  7.62853172e+00,  8.44024724e+00, -1.00000066e-09])
