        fun: 99.0159097444761
        jac: array([-3.51041010e-04, -8.51476703e-04, -1.18814487e-03, -1.72853989e-03,
       -2.05829889e-03, -3.02580341e-03, -2.63129049e-03, -1.86962896e-03,
       -1.10900244e-03, -6.26822512e-04, -3.21768631e-04, -1.59914547e-04,
       -6.20422482e-05, -1.78304338e-05, -4.87234857e-06, -1.73721134e-06,
       -6.28231296e-04, -6.35640668e-04, -1.03077314e-03, -1.54971278e-03,
       -3.03212533e-03,  8.09233811e-06, -2.35353988e-05,  1.74941847e-04,
        3.34612091e-05,  1.55969940e-06, -3.77854149e-05, -6.66207785e-05,
       -2.51761205e-05, -9.56314189e-06, -3.64330201e-06, -4.51610409e-06,
       -1.24276614e-03, -9.43500381e-04, -5.26445738e-04,  1.81019988e-05,
       -1.95033255e-05, -6.29634953e-04, -8.87400701e-04, -7.52381936e-04,
       -5.29236909e-04, -3.10819588e-04, -1.16948448e-04,  1.96291117e-05,
        3.75811364e-05, -3.79377763e-06, -1.06919230e-05, -1.41361607e-05,
       -1.36008304e-03, -1.19628884e-03,  2.76322193e-05,  1.81774017e-04,
       -2.76395230e-04, -4.90476325e-04,  3.01556842e-04, -9.72475939e-05,
        1.27951684e-04, -5.50908692e-05, -6.18599068e-05, -3.06440721e-05,
        2.08796387e-05,  6.31478044e-06, -2.31361493e-05, -4.37837751e-05,
       -2.09329839e-03, -2.47729156e-04,  4.63826037e-05, -2.63289822e-04,
       -1.57320234e-04, -1.65475843e-04,  1.29951131e-04, -7.14887790e-04,
       -4.78269317e-04,  2.23869501e-06, -8.31704766e-05,  2.72827175e-05,
       -2.20758189e-05,  1.85348187e-05,  2.75316938e-04, -1.47394091e-04,
       -2.99796869e-03,  7.68593864e-06, -5.89962664e-04, -4.45632904e-04,
       -5.66116230e-05, -8.26642353e-04, -1.27078954e-03, -1.29932188e-03,
       -1.00410042e-03, -8.36819784e-04, -6.38052550e-04,  5.86227815e-05,
        8.55956543e-06, -9.66944401e-05, -4.04467943e-05, -3.08772691e-04,
       -2.75160302e-03, -1.01400985e-05, -9.26953123e-04, -5.28918821e-06,
       -2.61654487e-06, -8.78057677e-04, -1.40052753e-05,  2.80426164e-05,
       -3.47754893e-05,  4.38621432e-05, -1.15971456e-03, -2.28217803e-05,
        2.70195229e-06, -2.72012029e-04,  1.06864015e-04, -5.91598337e-04,
       -2.02737865e-03,  1.35213286e-05, -8.26025019e-04, -8.50495011e-05,
       -4.75748906e-04, -8.81780120e-04,  7.95160459e-05, -5.12296570e-06,
       -1.70650477e-06, -5.05892989e-05, -9.66661234e-04, -5.62762452e-04,
       -4.16733866e-05, -4.53382815e-04,  7.63047141e-04, -1.07407213e-03,
       -1.24977777e-03,  3.26941428e-05, -5.27934785e-04,  1.05384534e-04,
       -4.59424796e-04, -9.21086932e-04, -5.79187422e-05,  4.47357998e-06,
       -1.01992439e-05,  9.17157020e-06, -1.22733352e-03, -5.97345356e-04,
       -1.46268232e-05, -6.94553184e-04,  1.48122240e-04, -1.85757028e-03,
       -7.21230709e-04, -2.30894614e-05, -2.90592291e-04, -6.74170597e-05,
       -1.03233734e-05, -8.98231597e-04,  2.90942008e-05, -3.46549642e-05,
       -3.20622151e-05,  3.30318126e-05, -1.60728185e-03, -8.79430559e-05,
        2.11672843e-05, -7.66325240e-04, -1.69907643e-06, -2.64180676e-03,
       -3.79542341e-04,  3.22423366e-05, -1.00232909e-04, -5.28330906e-05,
        6.58492455e-05, -6.06581659e-04, -1.00682000e-03, -8.26907773e-04,
       -1.15614828e-03, -1.15853605e-03, -5.15053741e-04,  4.12878547e-04,
       -3.82683643e-04, -4.69797525e-04, -1.19098219e-04, -3.21958117e-03,
       -1.91594564e-04, -8.60151119e-05, -1.22063224e-05, -2.80894582e-05,
       -1.18356832e-04,  1.52210901e-04, -4.71169538e-05, -4.69228408e-04,
       -5.51185344e-04,  1.66249476e-05,  2.42369432e-04,  6.18717549e-04,
       -2.47789680e-04,  3.03466342e-05, -6.34253366e-04, -3.10713240e-03,
       -7.46076852e-05, -3.02892616e-05,  4.70238388e-05,  9.65225798e-06,
       -2.62675402e-05,  1.38208771e-05,  4.74062913e-06, -4.16935441e-05,
       -8.28830486e-06,  6.50547081e-05, -3.48495553e-04, -1.51048233e-04,
        2.83372013e-04,  9.63013811e-05, -1.48716951e-03, -2.19467884e-03,
       -2.13167214e-05, -1.18167409e-05, -3.95254162e-06,  1.62437066e-05,
        1.41761682e-05, -1.16707136e-04, -3.12077225e-04, -5.11937750e-04,
       -7.75863883e-04, -7.87829394e-04, -4.74215540e-04,  3.96948971e-05,
        7.55961641e-04, -4.55318112e-04, -9.71382090e-04, -1.44836322e-03,
       -5.98634262e-06, -4.11563566e-06, -1.12354403e-05, -2.49406518e-05,
        2.65392212e-04, -6.44318407e-05,  1.12282593e-05,  9.95378730e-05,
       -4.83739067e-04,  6.47570013e-05, -5.63785807e-05, -2.58408218e-04,
       -1.35098491e-03, -8.64147513e-04, -4.89709176e-04, -6.02101031e-04,
       -1.94558691e-06, -4.72948247e-06, -1.53464946e-05, -4.89668747e-05,
       -1.64772281e-04, -3.43628843e-04, -6.54114594e-04, -1.15659900e-03,
       -1.94333728e-03, -2.71409091e-03, -3.20640148e-03, -3.08477598e-03,
       -2.05880063e-03, -1.32124791e-03, -6.20901947e-04, -3.19400483e-04])
  n_reg_jev: 0
       nfev: 57
        nit: 55
       njev: 57
 optimality: 0.014052879417442831
     status: 3
          x: array([3.57786424e-01, 1.19490999e+00, 5.85276191e+00, 8.74046080e+00,
       1.13180346e+01, 5.98188326e+00, 2.50783369e+00, 1.10817966e+00,
       9.31133668e-01, 7.74991204e-01, 6.24324507e-01, 4.53883755e-01,
       3.40520476e-01, 2.83462159e-01, 2.51116653e-01, 2.31378377e-01,
       8.08951074e-01, 2.22748255e+00, 6.03946295e+00, 8.31170883e+00,
       5.48723412e+00, 5.30043040e-02, 2.31609609e-02, 8.51799752e-03,
       4.44633032e-03, 4.08702893e-03, 1.34160911e-03, 1.15336527e-03,
       3.09807190e-01, 2.67206140e-01, 2.47048178e-01, 2.45136402e-01,
       2.30571752e+00, 3.03653827e+00, 3.21583962e+00, 1.97555387e-01,
       3.83264438e-02, 1.88166946e+00, 1.19787844e+00, 9.22095195e-01,
       8.08593272e-01, 6.35378363e-01, 5.83595610e-01, 1.37766446e-03,
       5.00867348e-04, 2.51180106e-01, 2.57921659e-01, 2.75047529e-01,
       1.00906261e+01, 9.00362481e+00, 2.32003285e-01, 3.70228686e-01,
       6.55652575e+00, 4.15813971e+00, 1.62922888e-01, 2.67683871e-02,
       2.86179997e-02, 2.65387133e-02, 3.75955750e-01, 3.06456844e-01,
       1.46179806e-03, 3.39554937e-04, 3.02815802e-01, 3.39390355e-01,
       1.07084054e+01, 4.97912242e+00, 3.77088345e-02, 6.90146278e+00,
       6.98168023e+00, 2.14095833e-01, 2.39078094e-01, 8.13101459e+00,
       9.08571781e+00, 9.06132255e-02, 1.72398803e-02, 9.31500578e-04,
       2.78440583e-01, 1.35591867e-03, 6.22010511e-03, 4.72407457e-01,
       6.46448190e+00, 5.74002303e-02, 3.52443221e+00, 5.36378330e+00,
       2.15898869e-01, 2.19352087e+00, 9.11402505e+00, 9.79181980e+00,
       9.14300600e+00, 4.09723523e+00, 9.35285151e-01, 1.72694429e-02,
       4.45942416e-01, 2.79179403e-01, 1.13718142e-03, 6.57849901e-01,
       2.76484144e+00, 2.49317500e-02, 1.90416433e+00, 3.70212992e-02,
       2.07057690e-01, 6.17961242e+00, 1.27871021e-01, 1.75864202e-01,
       4.24100134e-02, 6.75201822e-02, 6.03401154e+00, 9.74941503e-02,
       1.35179730e-02, 5.70609520e-01, 3.51724439e-03, 8.29254242e-01,
       1.22142945e+00, 8.90633056e-03, 8.51767984e-01, 2.98132851e-02,
       1.03430541e+01, 1.16042651e+01, 2.03528150e-01, 7.30767591e+00,
       7.32527692e+00, 6.02889160e-02, 1.14337210e+01, 8.95437178e+00,
       2.52294294e-02, 7.17429554e-01, 5.33473960e-03, 9.66594519e-01,
       9.52168752e-01, 4.78510539e-03, 7.59524560e-01, 3.22626217e-02,
       9.54387827e+00, 1.08206766e+01, 4.55867480e-02, 6.28179254e+00,
       4.15238071e+00, 1.73864511e-01, 1.09682249e+01, 8.91654035e+00,
       3.48960391e-02, 7.74829463e-01, 7.95810123e-03, 1.19644980e+00,
       8.05064856e-01, 4.35562757e-03, 5.90228405e-01, 2.98371265e-02,
       1.02400091e-01, 5.13009155e+00, 7.46897587e-02, 6.45015974e-02,
       1.96633476e-01, 1.86036016e-01, 5.30783947e+00, 1.96091776e-01,
       2.84165145e-02, 1.60373932e+00, 2.06564708e-02, 2.98571794e+00,
       6.49922891e-01, 1.62108383e-03, 5.58628463e-01, 3.58527472e-01,
       1.98276035e-02, 9.65303345e-01, 6.00758754e+00, 1.19119085e+01,
       9.89121325e+00, 5.14096010e+00, 5.65917987e+00, 1.10704019e-01,
       4.63078223e+00, 1.91018705e+00, 5.15725800e-02, 6.84043227e+00,
       4.68619961e-01, 1.49843260e-03, 1.30198385e-03, 2.94717676e-01,
       2.40311142e-04, 1.91258155e-02, 1.06666233e-01, 1.02959932e+01,
       8.04285091e+00, 2.35808411e-01, 2.39705001e-01, 6.89294492e-01,
       6.75446735e+00, 5.04765342e-02, 2.24379718e-01, 1.21145165e+01,
       3.47129637e-01, 3.14181758e-01, 6.11541805e-04, 1.51905419e-03,
       2.88211050e-01, 4.46718492e-01, 1.46020907e-02, 2.68280142e-02,
       3.72333142e-02, 2.93276515e-02, 3.86057769e+00, 6.96244597e+00,
       3.49803879e-01, 1.83329032e-01, 5.77451632e+00, 1.08820908e+01,
       2.86230924e-01, 2.69342426e-01, 2.51530090e-01, 4.12634180e-04,
       1.47974541e-03, 3.01366021e-01, 5.94575719e-01, 7.43567119e-01,
       7.95370257e-01, 1.93679470e+00, 1.86585653e+00, 7.48559582e-02,
       1.69044659e-01, 2.17584522e+00, 2.17815643e+00, 4.81208315e+00,
       2.52062593e-01, 2.47556663e-01, 2.57839897e-01, 3.03120777e-01,
       6.29169900e-03, 1.20387162e-03, 3.63551033e-03, 4.57437810e-03,
       7.62491931e-03, 2.23729673e-02, 5.28407308e-02, 2.34482606e-01,
       6.48738359e+00, 1.75223206e+00, 9.44097833e-01, 4.40754342e+00,
       2.31568670e-01, 2.45152002e-01, 2.75426541e-01, 3.40906172e-01,
       4.75687462e-01, 6.61542896e-01, 8.30061876e-01, 9.59920281e-01,
       1.23958512e+00, 3.04130332e+00, 6.97748778e+00, 1.19102161e+01,
       1.08554968e+01, 3.71563230e+00, 1.22951265e+00, 1.42402120e+00])
