        fun: 64.47346378272175
        jac: array([ 1.00690538e-07, -1.92135828e-08, -6.61635841e-09, -2.37068923e-09,
       -1.83982656e-08, -5.19064283e-08, -8.95851322e-08,  1.44620920e-08,
        1.47794799e-08, -1.15655347e-08,  1.11762687e-07,  1.01451010e-09,
        3.68575885e-10,  1.86722525e-10, -5.48707965e-08, -2.79534204e-08,
        9.36980798e-08, -4.61153686e-07,  1.19839217e-08, -1.25504859e-07,
       -4.91869939e-07,  5.62219819e-09, -8.46697779e-08,  1.15388450e-07,
        1.08268827e-07, -7.19221647e-09, -8.06128102e-08,  5.52812548e-09,
       -2.84823606e-07,  1.16014014e-07,  4.54002116e-08,  4.08728197e-07,
        4.95948661e-08,  1.28610896e-07,  7.63198897e-09, -2.12975531e-07,
       -4.49161991e-07,  1.69879939e-09,  4.13550090e-08, -4.00601302e-08,
       -1.83235029e-07,  5.33482928e-03,  4.49558888e-07, -4.40953193e-07,
       -4.11358781e-07, -2.44921967e-07, -7.37861866e-10,  2.04647443e-09,
        6.86521737e-08,  1.47745747e-07, -1.28674656e-08, -3.33074017e-07,
        2.07692110e-10, -5.70102035e-08,  7.46301700e-08, -7.73787465e-11,
       -2.94853580e-08,  1.21708684e-09, -9.31183231e-10, -1.14186494e-07,
       -2.58439400e-10, -3.65938573e-08, -2.00575251e-07,  1.51443533e-09])
  n_reg_jev: 0
       nfev: 39
        nit: 37
       njev: 39
 optimality: 0.005334829467030544
     status: 3
          x: array([ 2.75895467e+01,  2.59858966e+01,  1.24494553e+01,  2.95340987e+01,
        2.86082619e+01,  1.67173562e+01,  2.19286477e+01,  2.24580121e+01,
        2.36713798e+01,  1.56834293e+01,  3.08604630e+01,  8.37980401e+01,
        6.88089977e+01,  3.01601372e+01,  9.74100769e+00,  2.41736682e+01,
        2.10065180e+01,  3.15564280e+01,  4.81376796e+01,  1.51674108e+02,
        2.47836630e+02,  4.57158278e+01,  1.63326965e+01,  2.42127047e+01,
        2.46400067e+01,  5.41327447e+01,  3.23423081e+01,  8.56047903e+01,
        1.89394330e+02,  3.31266403e+01,  3.68854740e+01,  2.15085429e+01,
        4.56318017e+01,  9.53843810e+01,  3.02289145e+01,  1.69151775e+02,
        2.33932032e+02,  8.00809448e+01,  4.25742282e+01,  4.54622746e+01,
        1.47686157e+02, -1.00271124e-09,  3.38026463e+01,  2.29454948e+02,
        2.25988725e+02,  1.79408308e+02,  7.21621507e+01,  6.94821711e+01,
        5.52770315e+01,  5.56247351e+01,  5.28276062e+01,  2.04493372e+02,
        6.71753904e+01,  1.29412138e+02,  5.44890792e+01,  6.37146284e+01,
        1.16957430e+02,  9.63808413e+01,  8.00699551e+01,  1.44476055e+02,
        8.69981989e+01,  1.20381078e+02,  1.68238392e+02,  9.52390576e+01])
