        fun: 66.05487119241631
        jac: array([-6.46311948e-04,  1.16955461e-04,  1.88399401e-04, -1.37459077e-03,
        2.63535334e-04,  1.72148949e-06,  8.72546596e-07, -7.24510691e-04,
       -1.91549976e-05, -6.94146343e-06,  9.57185278e-07, -1.82017867e-05,
        5.37627670e-06, -1.69223670e-05, -8.08928998e-06, -7.76619408e-06])
  n_reg_jev: 0
       nfev: 14
        nit: 12
       njev: 14
 optimality: 0.001718124127714748
     status: 3
          x: array([0.03737863, 0.02302948, 0.02391951, 0.03813641, 0.02919692,
       0.01384972, 0.00830783, 0.03586562, 0.01953443, 0.01035278,
       0.00264501, 0.0178522 , 0.01350992, 0.00836503, 0.01033345,
       0.01153833])
