        fun: 35.4461987534789
        jac: array([-1.77323363e-03, -1.72091386e-03,  1.55486985e-04, -2.58199215e-04,
       -4.74206626e-04, -3.29333662e-04, -1.21531786e-03, -8.45690276e-04,
       -3.82827332e-04, -1.09603241e-03, -5.06610302e-04, -1.28485889e-03,
       -2.73971485e-03, -1.58755801e-03, -3.42292804e-03, -5.25547166e-03,
       -1.01490978e-03, -1.98510181e-03,  1.00214278e-05, -1.17903292e-04,
       -9.40226207e-05, -5.75146682e-04, -2.81408930e-04, -1.51868543e-03,
       -4.35380381e-04, -7.61872741e-05,  2.40619813e-04,  3.81839991e-04,
       -6.47897040e-04, -6.89290543e-04, -1.96743680e-03, -5.20771146e-03,
       -1.51369316e-03, -6.89412791e-04, -1.26368186e-03, -1.69147979e-03,
       -1.11036190e-03, -8.18504158e-04, -7.62957868e-04, -1.11827631e-03,
       -6.32105585e-04, -6.38351020e-04,  4.64566835e-04,  3.51198838e-04,
        3.51751381e-04, -1.91161680e-04, -1.48050597e-03, -3.61073924e-03,
       -1.60742867e-03, -2.26253570e-04,  5.86793820e-04, -1.58133124e-03,
       -1.12397622e-03, -1.47598682e-03, -6.09659628e-04, -2.16270753e-03,
       -2.85360334e-03, -4.49096084e-04, -7.02867782e-04, -5.67724216e-04,
        6.06355135e-04, -6.34945050e-04, -2.00019846e-03, -5.26909255e-03,
       -2.10159862e-03, -1.37234353e-03, -2.17321028e-04, -1.42444370e-03,
       -1.18645969e-04, -1.26507238e-03,  4.30592777e-05, -1.01095178e-03,
       -1.28713390e-03, -3.50362250e-03, -2.85972308e-03, -1.68945144e-03,
       -1.32316472e-03,  3.54456097e-04,  2.45313885e-04, -2.32496798e-03,
       -2.11083401e-03, -6.74117390e-04, -4.98563162e-04, -6.27337360e-04,
       -2.91313837e-03, -2.46518554e-03, -1.37241851e-03, -9.44156832e-04,
        3.82883115e-04, -1.92102826e-03, -3.65757402e-03, -1.36476506e-03,
       -1.56549511e-03,  2.15548230e-04, -6.43060259e-04, -1.97799442e-03,
       -2.64055193e-03, -8.95664259e-04,  1.69180122e-04, -1.25519582e-03,
        4.02823145e-04,  8.48884582e-05, -8.72373892e-05, -2.32603583e-03,
       -7.17401422e-04, -3.99195399e-04,  1.96245291e-04, -5.47313080e-04,
       -1.71880219e-03, -5.30417170e-05, -4.67516420e-04, -2.56990633e-03,
       -1.77774208e-03, -7.08018592e-04, -3.42634957e-04, -1.00685540e-03,
       -4.43320584e-04, -6.34929476e-04, -7.63112298e-04, -7.74693018e-04,
       -9.76309352e-04, -4.65678270e-04, -1.03409895e-03, -1.40056739e-05,
       -4.08508638e-04, -1.08224124e-03,  3.36346889e-04, -3.83460687e-03,
       -8.30565911e-04,  8.44781764e-05, -1.05201367e-03,  1.58953067e-04,
       -2.20786505e-03, -5.25767707e-04, -1.32864202e-03, -9.82347905e-04,
       -2.94205466e-04,  2.41976167e-05, -6.78266542e-04, -2.14354303e-03,
       -7.92149236e-04,  4.52131819e-04,  1.78516915e-04, -2.13137570e-03,
       -1.94533490e-03, -1.58504852e-03,  2.02916671e-04,  8.32701133e-06,
       -5.71273173e-04, -1.65309155e-03, -1.54818956e-05, -6.77143364e-04,
        1.82564801e-04, -1.22719795e-03, -2.31354107e-03, -1.56317241e-03,
       -1.40022591e-03,  4.81929324e-04, -7.68539778e-04, -3.07079314e-03,
       -1.25756903e-03, -6.46382835e-06,  4.93382227e-04,  2.21580588e-04,
       -7.34708296e-04, -2.27210979e-03, -3.88747544e-04, -1.32928550e-03,
       -7.20249981e-04, -3.80198178e-04, -7.60293527e-04, -5.77112180e-05,
        2.84301250e-04,  4.26766703e-04, -6.82757297e-04, -1.82225050e-03,
       -1.36871727e-03,  4.09013413e-04, -2.64888991e-04,  1.75696058e-04,
        4.39989611e-06,  1.70061674e-04,  5.05102686e-04, -4.22473236e-04,
       -1.51016902e-03, -8.62288252e-04, -5.50927028e-04, -6.27458354e-04,
        1.71290360e-04, -5.26527555e-04, -1.68312131e-03, -3.44090328e-03,
        4.54581482e-04, -2.15573067e-03,  2.13004515e-04,  2.75640930e-04,
       -1.11198204e-03,  1.78865874e-05, -1.72348772e-04, -1.54700308e-04,
       -2.94078874e-04, -2.37261638e-04, -2.25872085e-04,  1.99919099e-04,
       -6.62418287e-05, -9.20916166e-04, -7.75892871e-04, -4.02719951e-03,
       -7.77128262e-04, -2.26203964e-04, -6.42455676e-04,  2.92670689e-05,
        1.41782910e-04,  3.72781296e-04, -3.76040675e-04, -8.11998887e-05,
        7.44023310e-05, -1.06645576e-04,  1.69372044e-04,  1.02032916e-04,
       -1.63729964e-04, -2.47190962e-04, -9.79223742e-05, -1.89662655e-03,
       -1.38169824e-03, -5.93229837e-04, -4.21847856e-04, -1.82794642e-03,
        5.23651642e-04, -7.88470858e-04,  3.94486410e-04, -5.41656209e-04,
       -9.59809482e-04,  8.86490177e-05,  1.01834494e-04, -7.18686275e-04,
        7.04372227e-04,  7.57686263e-04, -1.28654689e-03, -2.17639685e-03,
       -2.56422471e-03, -3.98869700e-03, -4.06457440e-03, -3.58257984e-03,
       -5.99745820e-04, -1.91967309e-03, -1.80913291e-03,  1.69417671e-05,
       -1.75497426e-03, -3.36472788e-03, -1.36222426e-03, -3.55481152e-03,
       -1.26256631e-03, -1.81426674e-03, -3.19083856e-03, -5.55227100e-03])
  n_reg_jev: 1
       nfev: 15
        nit: 13
       njev: 14
 optimality: 0.024380017639570543
     status: 3
          x: array([0.07882485, 0.07312265, 0.07267773, 0.07280581, 0.07123907,
       0.07449004, 0.07999998, 0.08128713, 0.07186948, 0.07604291,
       0.06639204, 0.07956087, 0.08023464, 0.07364038, 0.08085229,
       0.0917053 , 0.07599215, 0.07922922, 0.06798096, 0.06790128,
       0.06573415, 0.07358978, 0.06973926, 0.07679684, 0.07365193,
       0.06249284, 0.06331528, 0.06694783, 0.06633058, 0.07194811,
       0.07315831, 0.09058846, 0.07650992, 0.07337669, 0.07384029,
       0.07152349, 0.07746738, 0.07254122, 0.07335479, 0.07460761,
       0.06999174, 0.0728947 , 0.06723856, 0.06416057, 0.06381393,
       0.06838412, 0.07582279, 0.08494975, 0.08008218, 0.07694462,
       0.06908565, 0.08145223, 0.07427835, 0.07576219, 0.07328926,
       0.08090745, 0.08378987, 0.07376206, 0.07482155, 0.07122848,
       0.06390407, 0.07359764, 0.07536453, 0.0924421 , 0.08820766,
       0.07645194, 0.07166889, 0.07479453, 0.07206599, 0.07774862,
       0.06527451, 0.07390728, 0.07973571, 0.08903968, 0.08127372,
       0.07644168, 0.07509964, 0.07428785, 0.06717312, 0.08417227,
       0.07849865, 0.0712929 , 0.07362474, 0.07205486, 0.08389992,
       0.07973085, 0.07529042, 0.07559963, 0.07015996, 0.08042664,
       0.08830442, 0.07547424, 0.07561328, 0.06581237, 0.06453587,
       0.08102515, 0.08826608, 0.0702023 , 0.07076134, 0.07743731,
       0.06050147, 0.060738  , 0.07184761, 0.07807066, 0.07493482,
       0.06509817, 0.05984741, 0.06288055, 0.07716984, 0.06575055,
       0.06808118, 0.08936147, 0.08377101, 0.06619674, 0.07255348,
       0.07606244, 0.07070516, 0.04897243, 0.0507246 , 0.07379852,
       0.07384441, 0.05552686, 0.04850212, 0.07441   , 0.07342107,
       0.07111464, 0.06066305, 0.08708727, 0.06680105, 0.06702019,
       0.07693557, 0.06516248, 0.08072765, 0.07359606, 0.07689001,
       0.07882374, 0.08157983, 0.07391926, 0.07768156, 0.08083016,
       0.07052852, 0.06310455, 0.06448306, 0.07938082, 0.07480147,
       0.0749443 , 0.06500131, 0.06802081, 0.07650883, 0.08041727,
       0.06795892, 0.07316489, 0.06601651, 0.07939899, 0.08627029,
       0.08006543, 0.07961876, 0.05771986, 0.07114065, 0.08783238,
       0.07178046, 0.06398158, 0.06484488, 0.06515954, 0.07856932,
       0.08005555, 0.07430085, 0.05271842, 0.05798187, 0.06985635,
       0.07449469, 0.07151571, 0.06970168, 0.0665964 , 0.07367068,
       0.07992143, 0.07468777, 0.05989008, 0.06468715, 0.06028429,
       0.06133637, 0.0718647 , 0.05760276, 0.05621165, 0.05454749,
       0.05678008, 0.07416621, 0.07352404, 0.05957803, 0.0694157 ,
       0.07327659, 0.08777935, 0.06883146, 0.0761069 , 0.06940617,
       0.06334768, 0.052941  , 0.07512208, 0.07442853, 0.06141589,
       0.0670006 , 0.07383812, 0.06963199, 0.07176231, 0.05565728,
       0.07119871, 0.06959135, 0.09095426, 0.06592788, 0.06484313,
       0.07301336, 0.06626424, 0.06359214, 0.0694358 , 0.07620575,
       0.07604465, 0.07098393, 0.06986679, 0.06424395, 0.06046276,
       0.06524864, 0.07129623, 0.0696428 , 0.0786599 , 0.07514699,
       0.06896352, 0.06867488, 0.07526805, 0.05890427, 0.07454975,
       0.07462648, 0.0764327 , 0.07836752, 0.06831287, 0.06501817,
       0.0741103 , 0.06330071, 0.05831526, 0.07481626, 0.08200323,
       0.08193298, 0.08760834, 0.08893363, 0.08650074, 0.07754271,
       0.08990539, 0.07939461, 0.07560959, 0.07711836, 0.09149861,
       0.08062739, 0.09243077, 0.0775211 , 0.08200689, 0.0862243 ,
       0.10389031])
