        fun: 35.76339207945692
        jac: array([-2.69981912e-08,  2.51431338e-07, -8.88312542e-08,  1.26166923e-07,
       -3.03776661e-08, -1.21386854e-07, -2.31506591e-07,  3.56097538e-07,
        6.59077878e-08,  2.69814016e-07,  2.45885829e-07, -4.72395751e-09,
       -7.08691680e-08,  4.17157480e-08, -8.36324664e-08, -6.95543809e-09,
        5.45382645e-08, -1.75916414e-08,  1.05922038e-07, -2.15891335e-08,
       -5.58268207e-09, -1.53739859e-07,  4.58447091e-08, -5.53393379e-08,
       -5.63441312e-08, -2.92901677e-07, -3.24867246e-08,  3.26545965e-07,
        2.42204562e-08,  6.14663002e-08,  1.47743091e-07, -1.91376793e-08,
       -4.87298683e-08,  4.54888981e-08, -3.83052314e-07, -2.48032355e-08,
        3.67680404e-07,  7.58119378e-07, -6.14171821e-08,  6.53221527e-09,
       -1.64928696e-08,  6.75728621e-08,  2.02130414e-07,  1.33078698e-07,
        1.81581764e-07,  1.54133472e-07,  5.16514702e-08, -6.04465045e-08,
        5.12590666e-09, -9.14211414e-08,  6.50191578e-08,  1.03082112e-07,
       -1.75746507e-07,  1.41999811e-07,  1.04593627e-07,  3.12519585e-08,
        1.45754939e-07,  1.89452712e-07,  1.43393753e-07,  1.91983701e-07,
        1.86119375e-07, -4.78239711e-08, -8.08888246e-08, -2.00512447e-07])
  n_reg_jev: 0
       nfev: 11
        nit: 9
       njev: 11
 optimality: 1.406658325434628e-06
     status: 3
          x: array([12.54572977, 14.42508686, 13.76437649, 13.35016798, 13.98550576,
       14.74053928, 13.19820346,  9.31155875, 12.88234517, 13.10344737,
       12.91065144, 12.15160431, 12.85088334, 14.94750269, 14.91441899,
       10.81974365, 11.65306734, 13.56267546, 11.9441389 , 13.77615905,
       12.20074029, 10.89237594, 13.90448841, 13.23124343, 12.14035284,
       12.67811492, 17.09217094, 14.97937933, 15.42854734, 16.69414018,
       13.28967952, 13.78610782, 13.65421299, 14.83189337, 12.34931163,
       13.36871289, 12.66721158, 11.79535798, 14.84923919, 13.58239384,
       14.43863063, 16.23133534, 13.59358209, 17.11749312, 16.95402578,
       13.03522755, 15.4269442 , 12.04594589, 14.46655064, 14.76595021,
       15.70488389, 13.94177175, 14.34300977, 15.00182801, 15.3255979 ,
       12.9702714 , 12.29252055, 12.09668872, 13.66550866, 13.50309883,
       12.97798222, 13.05970641, 15.44210347, 10.79820322])
