        fun: 67.34750403831718
        jac: array([ 4.55508529e-06,  2.58958003e-09,  1.99394732e-06,  4.50915507e-06,
        2.71111666e-06, -7.43266605e-06, -1.04835320e-05,  4.16713897e-06,
        2.01623637e-06, -9.11004576e-07, -2.20999451e-06,  1.58614103e-06,
        4.20487167e-07, -1.56843740e-06,  9.15648446e-08,  5.21690185e-07])
  n_reg_jev: 0
       nfev: 2
        nit: 0
       njev: 2
 optimality: 1.5815615358156968e-05
     status: 4
          x: array([ 43.2467721 ,  43.2467721 ,  49.47595179,  49.47595179,
        43.2467721 ,  43.2467721 ,  49.47595179,  49.47595179,
        79.69846586,  79.69846586, 102.25277226, 102.25277226,
        79.69846586,  79.69846586, 102.25277226, 102.25277226])
