        fun: 36.002382374779245
        jac: array([ 7.73338487e-07,  1.20397633e-06, -5.63751415e-07,  2.55883102e-06,
        2.55596541e-06, -1.01358672e-06, -6.22258638e-07,  8.23899931e-07,
       -2.20681305e-06, -9.02972001e-07, -7.72955455e-08, -2.15925317e-07,
        9.01412659e-07, -3.78570851e-07,  1.58047658e-08, -1.64279080e-07])
  n_reg_jev: 0
       nfev: 11
        nit: 9
       njev: 11
 optimality: 4.925490443695393e-06
     status: 3
          x: array([13.35870581, 13.21723289, 14.19323694, 12.80094173, 12.75900226,
       14.54893539, 14.29787183, 13.64816848, 14.66692404, 14.33216518,
       13.99134104, 14.12990853, 13.64264919, 14.26707391, 13.88623109,
       13.85892712])
