        fun: 142.53292317412684
        jac: array([-9.73510492e-05,  5.58033191e-05, -2.91026857e-06,  8.80336531e-05,
        7.48972919e-05, -2.00314758e-04, -1.84243747e-04, -8.70901905e-05,
       -4.21103661e-06, -1.90793538e-04, -1.46429941e-04, -6.29947669e-05,
        8.55910550e-05, -7.91120806e-05, -6.41843794e-05, -1.06998214e-04])
  n_reg_jev: 1
       nfev: 21
        nit: 19
       njev: 20
 optimality: 0.0004456438880650453
     status: 3
          x: array([0.31070359, 0.16813293, 0.02022208, 0.00609972, 0.1729479 ,
       0.22896517, 0.09325478, 0.01599267, 0.02109301, 0.09974248,
       0.22394726, 0.16509013, 0.00613313, 0.01647858, 0.16430233,
       0.29471569])
