        fun: 36.09938985413266
        jac: array([-2.01580677e-05, -2.10558110e-05,  3.47619027e-06, -2.58511732e-05,
        1.06599095e-04,  5.05269606e-06, -1.66250223e-05,  3.07052685e-05,
        1.22063614e-04, -5.40415533e-05,  1.22238565e-05, -1.02594440e-04,
       -2.15353770e-05, -1.72722858e-04, -1.51339583e-06, -4.10496469e-05])
  n_reg_jev: 1
       nfev: 29
        nit: 27
       njev: 28
 optimality: 0.0002731621181864057
     status: 3
          x: array([0.07633431, 0.07749009, 0.07166196, 0.082725  , 0.08016373,
       0.06863723, 0.07038231, 0.07609841, 0.06827792, 0.07003386,
       0.07146754, 0.0726616 , 0.07580061, 0.07114285, 0.07397548,
       0.07717911])
