        fun: 134.16576270411815
        jac: array([-1.42947580e-04, -1.71232443e-04,  3.33430031e-04, -1.44137458e-05,
       -2.63053677e-05, -2.16427508e-05, -7.89278843e-07, -6.46438085e-07,
       -7.09819304e-05,  1.95978773e-04, -1.99890337e-06,  1.53576077e-05,
        8.94920426e-05, -7.80004961e-05, -2.00565271e-05, -1.24379710e-06,
        8.63617673e-05, -5.30629581e-06, -8.90032226e-04, -8.48123231e-04,
        1.82992879e-04,  4.40000274e-05, -4.44242690e-05, -1.44681346e-05,
        4.20025421e-05, -6.25018645e-05,  3.49628004e-04,  2.94185983e-04,
        4.93720403e-05,  3.27271298e-05, -6.71436349e-05, -6.05887256e-05,
       -5.54031058e-05,  4.81530190e-05,  4.05743182e-05,  4.58776048e-04,
       -2.08186838e-03,  1.30367425e-04,  1.03183989e-06,  4.44306583e-05,
       -3.29652089e-05, -7.19268250e-05,  7.99676221e-05,  1.15112191e-04,
       -6.98077752e-05, -1.69333633e-04,  1.20819194e-05,  1.68844828e-04,
       -9.83872990e-07, -2.46741216e-05, -4.64319506e-05, -7.18100616e-05,
       -2.70366280e-05,  3.49900586e-05, -1.55330611e-03, -1.06078023e-04,
       -6.75345316e-07, -1.18661743e-06, -1.30023436e-05, -7.45336403e-05,
        4.83078087e-05,  9.39876156e-05, -4.28715228e-05, -6.33854415e-05])
  n_reg_jev: 1
       nfev: 54
        nit: 52
       njev: 53
 optimality: 0.003019700524611753
     status: 3
          x: array([0.39904072, 1.00604401, 0.43230093, 0.0975419 , 0.0104566 ,
       0.0018093 , 0.22339599, 0.21945974, 0.84573402, 0.22960967,
       0.22433989, 0.1062304 , 0.05439899, 0.00630941, 0.00203861,
       0.22243256, 0.46175759, 0.27294245, 0.20090765, 0.30132244,
       0.1639537 , 0.01693   , 0.02100496, 0.00209568, 0.11139121,
       0.07821893, 0.34431537, 0.19787155, 0.07977393, 0.36640739,
       0.07008621, 0.00958561, 0.01088357, 0.06193359, 0.21452017,
       0.08832054, 0.17560933, 0.35911296, 0.05578023, 0.09785385,
       0.00204365, 0.00823153, 0.01776683, 0.37303218, 0.39370835,
       0.2085909 , 0.20570982, 0.40494551, 0.22352843, 0.00206064,
       0.02155685, 0.06682472, 0.06096553, 0.24106763, 0.1864811 ,
       0.62734793, 0.21948134, 0.22241659, 0.00215225, 0.00948884,
       0.10024889, 0.42463003, 0.5337965 , 0.61591081])
