        fun: 35.85483540992909
        jac: array([-6.57637450e-05, -1.22897073e-04,  2.73490058e-05, -5.19519315e-05,
        5.75411497e-05, -5.23052633e-05, -2.04547650e-05, -2.90626772e-05,
       -2.00571001e-05,  3.06472497e-05, -1.04476241e-05, -4.91879328e-05,
       -2.66609708e-05, -1.03467811e-05, -5.21626068e-05,  2.74905957e-05,
       -5.40229860e-05, -5.99351076e-05, -3.97835242e-05, -1.53282073e-04,
        2.75700686e-05,  1.81928082e-04,  1.17078752e-05, -8.64039274e-05,
       -2.12208895e-05,  1.41749959e-05, -1.27838884e-04, -8.19886614e-05,
       -2.05143928e-04,  7.54812450e-05,  3.27926178e-05, -7.16636133e-05,
       -3.65458573e-05,  8.79101143e-06,  3.16354229e-05,  3.11942511e-05,
       -1.08495429e-05, -3.46349215e-05, -3.78405873e-05, -9.78224874e-05,
        1.67686997e-05, -3.64861541e-05, -3.64628553e-05, -3.95650525e-05,
       -4.10945963e-05, -5.87043251e-06, -1.10739644e-04,  8.43492770e-06,
        2.44160578e-05, -8.30734868e-05, -9.57101441e-06, -1.32542138e-04,
       -1.19579823e-04, -1.91640513e-04, -7.57175592e-05, -6.06860367e-05,
       -2.36037801e-05,  1.59495281e-05, -2.88145732e-05, -1.37819084e-05,
       -8.23712401e-05,  7.31772578e-06, -2.64806604e-05,  2.34021739e-05])
  n_reg_jev: 0
       nfev: 19
        nit: 17
       njev: 19
 optimality: 0.00056470819803933
     status: 3
          x: array([0.0821142 , 0.07048108, 0.07219812, 0.07952216, 0.07189464,
       0.06907639, 0.07691618, 0.11678291, 0.07919481, 0.07633647,
       0.07880989, 0.07920112, 0.07755233, 0.06848026, 0.06719991,
       0.10297308, 0.08612652, 0.07621665, 0.08411321, 0.07492958,
       0.08769955, 0.09034087, 0.07410285, 0.07696868, 0.08208215,
       0.07695796, 0.05880228, 0.0663319 , 0.06495355, 0.06016281,
       0.07472182, 0.0795645 , 0.07409773, 0.06898861, 0.08255432,
       0.07636822, 0.07697859, 0.08709599, 0.06713698, 0.08069057,
       0.06857741, 0.06262054, 0.07257375, 0.05986456, 0.05989601,
       0.07473384, 0.06518229, 0.08673199, 0.07027011, 0.06725847,
       0.06364119, 0.0721727 , 0.06985965, 0.06573185, 0.06562505,
       0.08277694, 0.08818312, 0.08654271, 0.0762368 , 0.07792318,
       0.08031541, 0.08024343, 0.0698329 , 0.10375402])
