        fun: 84.52931463788337
        jac: array([ 7.27328939e-04,  1.58587559e-01, -8.48002747e-05, -4.40367008e-05,
       -7.45498047e-05, -8.19662353e-05, -4.30264690e-06, -2.96324807e-07,
        1.99384734e-01,  3.06103976e-02, -1.14338727e-04, -7.01915248e-04,
       -7.50939416e-05, -8.25335171e-05, -1.03479835e-04, -3.35308728e-06,
       -8.38123612e-05, -1.02351927e-04, -6.96311083e-04,  3.32324631e-02,
       -8.25089489e-05, -1.04770297e-04, -7.79938804e-05, -8.47450700e-05,
       -4.34198567e-05, -6.99594452e-04,  1.87617485e-02,  5.56684250e-05,
       -1.43732468e-04, -7.53164586e-05, -9.51189699e-05, -7.52093102e-05,
       -7.43994655e-05, -7.48755585e-05, -8.49089731e-05, -1.55678400e-04,
       -1.48366390e-03,  6.93018988e-02, -3.86938817e-04, -4.28679381e-05,
       -8.19695525e-05, -8.25454612e-05, -1.04744241e-04, -6.22787407e-05,
        6.94769034e-02,  6.06332081e-04, -7.38064486e-05, -1.67410373e-04,
       -4.30265964e-06, -1.03480688e-04, -7.80000788e-05, -8.49611108e-05,
       -2.96736427e-04, -7.40410312e-05, -1.11673711e-03,  3.83731299e-01,
       -2.96327118e-07, -3.35332498e-06, -8.47501641e-05, -7.51812132e-05,
       -4.19062718e-05, -1.56861877e-04,  5.90566252e-01,  2.97181528e+06])
  n_reg_jev: 1
       nfev: 16
        nit: 14
       njev: 15
 optimality: 2971815.280870969
     status: 3
          x: array([ 7.85119557e+00, -1.00000066e-09,  6.87827631e+00,  5.95513050e+00,
        6.81983019e+00,  7.04228121e+00,  4.77273828e+00,  4.67016441e+00,
       -1.00000066e-09,  1.71286604e-01,  9.36048568e+00,  9.01656209e+00,
        7.07083949e+00,  7.32653459e+00,  8.58576131e+00,  4.74765464e+00,
        6.85361363e+00,  9.79071417e+00,  4.28547549e+00, -1.00000033e-09,
        7.40339286e+00,  9.34953531e+00,  7.02929230e+00,  7.18371628e+00,
        5.95481062e+00,  9.74712149e+00, -1.00000033e-09,  2.98002163e+00,
        1.06077277e+01,  6.99371808e+00,  7.38704184e+00,  6.78630477e+00,
        6.81882555e+00,  7.02507509e+00,  7.38587561e+00,  1.07753098e+01,
        3.49036056e+00, -1.00000000e-09,  9.49028540e+00,  5.92060948e+00,
        7.04232358e+00,  7.32691974e+00,  9.35040028e+00,  6.95165333e+00,
       -1.00000011e-09,  2.17543108e+00,  7.55293888e+00,  7.14674428e+00,
        4.77273791e+00,  8.58577694e+00,  7.02860375e+00,  7.38345956e+00,
        1.00688052e+01,  7.93952542e+00,  5.22644161e+00, -1.00000011e-09,
        4.67016444e+00,  4.74765545e+00,  7.18358467e+00,  6.78142524e+00,
        5.89967796e+00,  7.41312007e+00, -1.00000066e-09, -1.00000033e-09])
