        fun: 35.4338824909916
        jac: array([ 1.23314277e-07,  5.85697763e-07, -4.04530913e-08,  1.92483602e-07,
       -2.24383230e-07,  7.70014568e-08,  2.96270894e-07, -7.16084020e-07,
       -1.19777028e-07,  1.14800120e-07, -5.27880232e-07,  3.15198893e-06,
        1.68930743e-06,  5.68146075e-07,  3.19515362e-06,  3.22206576e-06,
        1.49044162e-07,  8.14917276e-07,  2.82949036e-07, -1.36658630e-06,
       -6.32366815e-07,  4.30325140e-07, -1.01404608e-06,  6.32431174e-08,
        1.56542186e-07, -2.14847039e-06,  2.06939897e-07,  2.21149087e-06,
        3.53935834e-07, -7.13290889e-07,  2.66704748e-06,  6.32996263e-06,
        9.97985619e-07, -5.56438743e-07,  1.70021968e-07,  1.29182454e-06,
        2.80140887e-07, -2.86758764e-07,  9.77870549e-07,  1.26830884e-06,
       -4.31927052e-08,  1.80251252e-07, -5.41867507e-07,  1.01255841e-07,
       -4.85213690e-07, -5.85725935e-07, -6.28122189e-07,  3.42851784e-06,
        3.88147246e-07, -4.38957456e-08, -3.74563076e-08, -9.43815025e-08,
       -1.36312190e-07,  7.02866872e-07,  7.75829894e-07,  1.61408922e-07,
       -6.06098285e-08,  1.57589662e-07,  8.95899581e-07,  8.48687477e-07,
       -3.34833981e-07,  6.91888509e-08,  1.09000656e-06,  4.55222063e-06,
        2.64712221e-07,  2.91629706e-07, -3.18246305e-07,  7.60682471e-07,
        1.94544403e-07, -1.80254311e-07, -2.59408856e-07, -2.72680444e-07,
       -1.44620817e-07,  2.12687497e-06,  6.92548954e-06,  4.93776723e-07,
        1.16663397e-06,  1.12603738e-06, -1.91966180e-06,  2.95796920e-07,
        2.93566509e-07, -4.19588141e-07,  3.17891629e-07, -9.10922701e-07,
        1.39718701e-06,  3.00704369e-06,  1.85031239e-06,  1.39368202e-07,
       -7.84524307e-07,  6.05168367e-07,  4.82892192e-07,  1.19189837e-06,
        1.25222688e-06, -1.21545131e-06, -6.80837193e-08,  7.10698040e-07,
        1.59387589e-06, -7.50888851e-07, -6.83773432e-07,  7.10659859e-08,
        1.12076455e-07, -7.93680593e-07,  5.27708852e-08,  2.52067782e-07,
        1.71623476e-06, -6.34610255e-07, -7.06516107e-07, -9.85408764e-07,
        1.45049095e-06, -5.02761550e-07, -1.26060471e-06,  4.37138349e-08,
        2.68551336e-07, -1.04717336e-06, -2.21835183e-07, -7.89478658e-07,
       -9.39534653e-07, -2.91840835e-06, -2.53326350e-06,  3.90430657e-07,
        2.18232181e-07, -2.22545470e-06, -6.08410378e-07,  1.78467578e-07,
        1.20327957e-06,  7.59180108e-07, -7.75150016e-07,  1.94589563e-06,
       -8.83799445e-07, -7.01245230e-07, -6.46864783e-07, -5.64342552e-07,
        2.65835393e-06,  2.26098083e-07,  6.77949186e-08,  1.77378583e-07,
       -1.39809476e-07,  2.73971779e-07,  8.20854547e-07,  6.74884051e-07,
       -1.79824620e-06, -5.21896108e-07, -5.43142118e-07,  8.43790013e-08,
        2.26177689e-06,  8.02174503e-07,  1.84028706e-07, -6.21764779e-07,
        6.47012157e-07,  1.19699649e-06, -7.87190886e-07,  7.04404538e-07,
       -4.48296573e-07, -5.77787347e-08, -2.88621982e-07,  1.63203620e-07,
        1.26096806e-06, -1.37458128e-06,  2.45504568e-07,  4.34543686e-06,
       -5.15841449e-07, -1.04274063e-06, -7.49976134e-07, -1.12974761e-07,
       -2.66896404e-07,  9.98720956e-08,  3.05402510e-07, -1.71906351e-06,
       -4.65477256e-07, -7.02857031e-08,  3.82385612e-07,  4.19306590e-07,
        6.43354942e-07, -1.64913251e-07, -4.33355858e-07,  6.31729648e-07,
        8.04342816e-07, -1.43404537e-06, -3.29685022e-07, -1.66693120e-06,
        4.49838816e-07, -1.98043788e-07, -3.76258166e-07, -4.78218636e-07,
        2.38443774e-07, -2.91630795e-07, -1.24143815e-07,  3.00981604e-07,
       -8.15588776e-07, -2.66158449e-07,  3.05251317e-06, -6.81389603e-08,
       -6.87683277e-07,  3.64791025e-06, -1.00040322e-06, -1.70404138e-07,
       -1.70792312e-06,  1.13721776e-07,  2.69258618e-07, -3.44847382e-07,
       -2.55955824e-07, -1.78491076e-07,  1.66654402e-07,  2.23213152e-07,
       -2.76184475e-06,  2.87942018e-06, -5.03627092e-07,  9.61751610e-07,
       -4.95501535e-07, -2.52724322e-06,  1.56589668e-06, -8.79150846e-07,
        1.44354826e-07, -2.90748838e-07,  1.27370291e-07, -3.18916077e-07,
       -1.23561911e-07, -4.16884213e-07, -2.63429850e-07, -3.83220941e-07,
       -9.68494335e-08, -7.62635118e-07, -5.68127225e-07,  5.79453248e-07,
        1.03795040e-06, -6.00277087e-07,  7.96214056e-07,  1.48999343e-06,
       -1.52479758e-06, -3.17155318e-07, -1.16548267e-07, -7.85611501e-08,
        8.61010906e-09, -6.16042331e-08,  1.22205169e-06, -6.71997319e-08,
       -4.69315511e-07, -1.97315943e-06,  4.15603575e-06,  1.93889995e-07,
        7.54774462e-07,  1.10842436e-06,  1.43630720e-06, -9.56035593e-07,
       -7.36906197e-08,  4.46974544e-08,  4.61665510e-08, -5.14135863e-09,
       -2.27939555e-07, -8.19825116e-08,  3.72372605e-07,  6.37716556e-07,
        2.12720728e-06, -3.72463818e-07, -4.07937483e-08,  1.19813682e-06])
  n_reg_jev: 1
       nfev: 16
        nit: 14
       njev: 15
 optimality: 2.0552082795209086e-05
     status: 3
          x: array([12.09526041, 13.46869639, 14.43366818, 13.86536429, 14.21155423,
       13.53928484, 12.29523712, 11.81623304, 13.74571877, 12.37115036,
       15.42535022, 11.40544243, 11.97983328, 12.90825374, 10.29895724,
        8.32799572, 12.89420945, 12.19068928, 13.80875452, 15.31313494,
       14.5896519 , 12.97501197, 15.66174109, 13.67418411, 14.0288973 ,
       16.13811049, 16.10636334, 14.96798642, 13.58323635, 14.07605224,
       11.84507095,  8.26007822, 12.98930491, 14.16332832, 13.27166509,
       13.37260586, 12.0047273 , 13.29709598, 12.50464837, 12.67188176,
       14.5860832 , 13.54353906, 15.69045255, 15.60159824, 15.56328009,
       14.83704345, 13.15991413, 10.26070647, 11.81038635, 12.78837696,
       13.6769308 , 11.99918076, 13.61296102, 12.43485108, 13.41969314,
       10.7462017 , 10.15758898, 12.98262222, 12.8502022 , 14.76999396,
       15.88254863, 12.64846408, 11.80682834,  8.45819515,  9.99991532,
       11.06113595, 13.83661374, 12.44811555, 13.85740628, 12.34550467,
       15.39562063, 14.0300181 , 12.52174776,  9.89991505, 10.64480571,
       11.5782417 , 12.13346288, 13.65566498, 15.80719506, 11.15500669,
       12.3240752 , 14.55229952, 12.98572763, 14.92645844, 10.04033469,
       10.87921935, 12.26849798, 12.99073191, 14.47532251, 12.04106469,
        9.68610795, 12.20168829, 12.01599272, 16.27667758, 14.4474187 ,
       10.76310396,  8.662969  , 14.86166366, 13.83863082, 11.19081383,
       16.72652577, 17.00114992, 11.68196513, 12.89559288, 13.20521146,
       14.9321164 , 16.37190198, 16.23072889, 11.36121774, 14.42153343,
       16.00347591, 10.86997484, 10.69725877, 15.06005008, 11.94328244,
       13.83799651, 12.71406834, 19.75377664, 19.61751137, 13.2564195 ,
       12.52329572, 18.61052892, 19.65848839, 13.31149841, 13.67859458,
       13.39034154, 16.67119284,  9.52195962, 14.51650342, 14.81848033,
       13.79554589, 15.39115194, 11.92964637, 13.04692243, 13.61045929,
       12.24904805, 10.94236275, 12.74431672, 12.80232867, 11.28726004,
       13.45990895, 15.82259132, 16.29231567, 13.23667431, 11.90787778,
       13.00885645, 15.05993662, 15.25425319, 12.9311746 , 11.88610377,
       14.34607873, 13.52042096, 14.52250636, 12.88558895, 12.02381924,
       11.13176221, 12.39351147, 17.00096607, 13.81938197, 11.12124105,
       13.93037062, 15.19180881, 15.5724457 , 16.10673553, 12.82840558,
        9.2426435 , 13.58298947, 18.29028476, 17.23595666, 14.46380041,
       13.02209924, 12.86806581, 14.81180891, 15.24164713, 13.47734712,
       11.93489883, 12.77034863, 16.1880905 , 14.92932453, 17.11268014,
       15.96850348, 13.91381002, 17.6708056 , 17.72747503, 18.50871011,
       17.00571578, 13.21554528, 13.26968472, 16.45618131, 15.21517362,
       11.59978232, 11.45410399, 14.41123242, 11.37586464, 14.98961838,
       14.84706443, 18.67245198, 13.36416264, 12.70856006, 16.25349284,
       14.98834448, 13.57536283, 14.83723227, 13.96574035, 17.64364623,
       13.14638177, 13.70674817, 10.19295725, 15.28635937, 15.82687301,
       13.06120172, 15.55555044, 15.98597932, 14.14211689, 13.71224135,
       13.25843817, 14.62304775, 14.55597058, 14.27473268, 16.62201313,
       15.5267822 , 14.12678282, 14.94082146, 12.36685572, 12.68961107,
       14.35151274, 14.14461383, 12.81560217, 16.95017762, 13.66595378,
       13.40067832, 13.56238307, 12.26704765, 14.37446508, 16.05306102,
       12.82710896, 16.2501507 , 17.20400029, 12.02733755, 12.30595365,
       12.04557856, 10.62856949, 10.67674385, 10.21481508, 13.0953487 ,
       11.36948951, 13.10974209, 13.9184187 , 13.85970097, 10.26936048,
       12.59982613, 10.09722021, 12.97784191, 14.21517851, 10.41284735,
        9.51963416])
